10
Bruce Wayne
1,0,1,1,1,0,1,1,1,0,0,0,0,1,0,1,0,1,1,0
11,27,5,9,21,0,18,12,21,29,22,14
81
27
Clark Kent
1,1,0,1,0,0,1,1,0,1,1,1,0,1,0,1,0,0,0,0
8,16,23,0,2,21,22,0,33,17,8,45
25
42
Diana Prince
0,1,0,0,0,1,1,1,1,0,1,0,1,0,1,1,1,0,0,0
0,39,0,14,12,10,14,9,7,10,12,13
10
37
Barry Alan
0,0,1,0,1,0,0,0,1,0,0,0,1,1,1,0,0,0,1,1
4,15,15,21,4,5,17,9,17,19,7,10
40
24
Kara Danvers
0,0,0,0,1,1,0,1,0,0,0,1,1,0,1,1,0,0,0,1
6,13,2,13,12,9,4,18,2,20,31,14
7
65
Mary Batson
1,1,1,1,1,0,0,1,0,1,1,1,0,0,0,1,1,1,0,0
5,28,9,9,15,5,5,23,7,10,38,0
50
88
John Jones
1,0,0,1,1,1,1,1,0,0,1,1,1,0,1,1,1,1,1,1
15,35,18,14,2,23,39,4,3,18,9,47
92
70
Dinah Lance
0,0,0,1,1,1,0,1,1,0,0,0,0,1,0,0,0,1,1,0
14,21,15,13,8,25,16,14,4,29,26,11
12
53
Victor Stone
1,0,1,0,0,1,1,0,1,0,1,0,1,0,0,1,0,0,1,1
15,21,11,2,28,4,4,24,5,22,26,30
95
8
Arthur Curry
0,1,1,1,1,0,1,0,0,0,0,1,1,1,1,0,0,1,1,1
5,39,2,6,24,16,19,6,19,36,37,26
91
42